A = [4.5, 6.5, 3.4; 4.5, 6.4, -5.4; 4.3, 4.5, -0.23]
B = A*A





